==============================================================================
AS_Player_Female_SkidTurn_Sprint  --  sprint-class reversal; covers SKID_TIME 0.32 + LAUNCH_HOLD 0.06
16 frames @ 30fps = 0.5000s, amplitude 1.00
==============================================================================
  frame  hipZ   torso  shldr   hips  sep |  plantR fwd/lat/z |   trailL fwd/lat/z | lowest
     0   92.9   +11.6   -4.1   +7.0 -11.1 |  +14.7  -16.4   0.0 |  -48.8  +14.8  12.7 |   0.0
     1   89.8    -4.5   +7.7   -3.3 +11.1 |  +24.4  -18.2  -0.0 |  -46.1  +15.0  15.1 |  -0.0
     2   88.1   -10.2  +10.9   -6.9 +17.8 |  +27.3  -19.3   0.0 |  -45.0  +14.4  15.7 |   0.0
     3   80.7   -25.7   +8.7  -16.7 +25.4 |  +36.8  -28.3  -0.0 |  -35.3   +8.6  10.2 |  -0.0
     4   77.7   -31.5   +7.4  -20.6 +28.0 |  +39.1  -32.4   0.3 |  -29.7   +5.5   6.9 |   0.3
     5   76.9   -32.3   +7.2  -21.2 +28.4 |  +39.4  -33.0   0.0 |  -25.9   +5.0   3.7 |   0.0
     6   75.7   -30.2   +8.7  -19.0 +27.8 |  +42.4  -31.7   0.0 |  -24.0   +6.4   2.6 |   0.0
     7   76.4   -28.0  +10.3  -16.8 +27.1 |  +45.3  -30.3   2.0 |  -22.2   +7.8   3.7 |   2.0
     8   82.1   -20.9  +11.8  -12.9 +24.6 |  +36.5  -27.3  -0.0 |  -22.0  +10.4   6.2 |  -0.0
     9   87.3   -13.7  +13.3   -9.0 +22.3 |  +26.4  -24.5  -0.0 |  -21.9  +12.6   8.7 |  -0.0
    10   89.8    -6.5  +14.6   -5.1 +19.8 |  +15.5  -21.9   0.0 |  -21.8  +14.5   8.8 |   0.0
    11   92.2    -3.5  +13.1   -2.8 +15.9 |   +4.9  -20.7   0.0 |  -19.9  +14.7   8.2 |   0.0
    12   90.8   +15.7   +0.1  +12.8 -12.7 |  -56.2  -16.2  32.6 |   -1.8  +11.1   0.0 |   0.0
    13   91.4   +11.9   -2.8   +8.5 -11.3 |  -51.7  -14.8  29.1 |   +2.4  +11.8   0.0 |   0.0
    14   91.5    +9.6   -4.5   +5.9 -10.4 |  -48.8  -12.7  27.4 |   +5.0  +10.6   0.0 |   0.0
    15   91.9    +8.8   -5.1   +5.0 -10.1 |  -47.8  -11.7  27.2 |   +5.9   +9.8   0.0 |   0.0

==============================================================================
AS_Player_Female_SkidTurn_Walk  --  walk-class reversal; softer plant, quicker recovery
13 frames @ 30fps = 0.3933s, amplitude 0.62
==============================================================================
  frame  hipZ   torso  shldr   hips  sep |  plantR fwd/lat/z |   trailL fwd/lat/z | lowest
     0   94.3    +5.3   -2.5   +4.3  -6.9 |   +8.9  -14.0  -0.0 |  -33.0  +13.6   1.3 |  -0.0
     1   93.2    -6.3   +5.9   -3.1  +9.0 |  +16.3  -15.9   0.0 |  -32.3  +13.3   2.0 |   0.0
     2   91.1   -14.2   +6.7   -8.0 +14.8 |  +22.3  -19.3   0.0 |  -28.8  +11.2   0.5 |   0.0
     3   90.4   -20.9   +5.9  -12.3 +18.3 |  +27.2  -23.3   2.0 |  -23.4   +8.5  -0.0 |  -0.0
     4   91.4   -21.7   +5.9  -12.8 +18.6 |  +27.8  -23.8   3.3 |  -19.7   +8.1  -0.0 |  -0.0
     5   91.1   -20.0   +6.9  -11.1 +18.0 |  +30.1  -22.8   3.5 |  -18.3   +9.1   0.0 |   0.0
     6   91.5   -16.3   +7.8   -8.7 +16.5 |  +26.9  -21.2   2.2 |  -17.3  +10.4   0.0 |   0.0
     7   92.4   -10.5   +8.5   -5.7 +14.2 |  +17.9  -19.2   0.5 |  -16.8  +11.9   0.0 |   0.0
     8   93.3    -5.6   +8.9   -3.1 +12.0 |   +9.9  -17.6   0.6 |  -16.3  +13.1   0.3 |   0.3
     9   96.5    -0.4   +5.8   +1.2  +4.6 |  -10.9  -15.8   0.0 |  -10.9  +13.1   1.8 |   0.0
    10   93.5    +5.9   -1.3   +5.9  -7.2 |  -39.1  -13.4   7.1 |   +0.6  +12.0  -0.0 |  -0.0
    11   93.4    +4.0   -2.8   +3.6  -6.4 |  -36.6  -11.8   6.5 |   +2.9  +11.0   0.0 |   0.0
    12   93.6    +3.5   -3.1   +3.1  -6.2 |  -35.9  -11.2   6.6 |   +3.4  +10.4   0.0 |   0.0

